---------------- Profit & Loss Report - Account: Uxxxxx30 ----------------
End of Day - Net Liquidation Value
As at: 2022-07-20 15:56:02 (Chicago)
(Home currency: AUD - Convert to USD at: 0.6885)
------------------------------------------------
Net Liquidation Value (NLV) is recorded every day just before 4pm Chicago time,
then, once the account statement is issued, NLV is updated to match the statement.
----------------------------------------------------------------------------------
Last 16 days:
-------------
      Date  Capital       NLV   Return  Return%  StdDev25  StdDev25Ann  StdDev44  StdDev44Ann  EquityHigh  Drawdown  DD %   DD Max  DD Max %  DD Days  DD Max Days
2022-06-29      0.0 228869.78   689.57     0.30      1.03        16.45      1.36        21.69   234365.41   5495.63  2.34 13095.33      8.06       11          182
2022-06-30      0.0 229552.17   682.39     0.30      1.02        16.36      1.34        21.51   234365.41   4813.24  2.05 13095.33      8.06       12          182
2022-07-01   8000.0 239696.88  2144.71     0.93      1.01        16.15      1.34        21.42   242365.41   2668.53  1.10 13095.33      8.06       13          182
2022-07-04      0.0 239398.05  -298.83    -0.12      1.01        16.17      1.33        21.27   242365.41   2967.36  1.22 13095.33      8.06       14          182
2022-07-05      0.0 245688.80  6290.75     2.63      1.11        17.82      1.28        20.45   245688.80      0.00  0.00 13095.33      8.06        0          182
2022-07-06      0.0 248696.77  3007.97     1.22      1.12        17.95      1.00        16.07   248696.77      0.00  0.00 13095.33      8.06        0          182
2022-07-07      0.0 244395.23 -4301.54    -1.73      1.17        18.73      1.05        16.73   248696.77   4301.54  1.73 13095.33      8.06        1          182
2022-07-08      0.0 242347.02 -2048.21    -0.84      1.18        18.93      1.05        16.76   248696.77   6349.75  2.55 13095.33      8.06        2          182
2022-07-11      0.0 248269.35  5922.33     2.44      1.26        20.15      1.10        17.67   248696.77    427.42  0.17 13095.33      8.06        3          182
2022-07-12      0.0 253307.73  5038.38     2.03      1.30        20.72      1.14        18.19   253307.73      0.00  0.00 13095.33      8.06        0          182
2022-07-13      0.0 252469.34  -838.39    -0.33      1.30        20.81      1.13        18.07   253307.73    838.39  0.33 13095.33      8.06        1          182
2022-07-14      0.0 258173.55  5704.21     2.26      1.34        21.39      1.17        18.72   258173.55      0.00  0.00 13095.33      8.06        0          182
2022-07-15      0.0 253902.54 -4271.01    -1.65      1.40        22.34      1.20        19.23   258173.55   4271.01  1.65 13095.33      8.06        1          182
2022-07-18      0.0 250173.26 -3729.28    -1.47      1.36        21.75      1.22        19.46   258173.55   8000.29  3.10 13095.33      8.06        2          182
2022-07-19      0.0 246566.24 -3607.02    -1.44      1.39        22.19      1.23        19.67   258173.55  11607.31  4.50 13095.33      8.06        3          182
2022-07-20      0.0 247016.01   449.77     0.18      1.29        20.71      1.21        19.41   258173.55  11157.54  4.32 13095.33      8.06        4          182
-------------------------------------------------------------------------
