---------------- Position Report - Account: Uxxxxx30 ----------------

As at: 2022-05-31 15:56:01 (Chicago)
(Home currency: AUD - Convert to USD at: 0.7177)

mySymbol localSymbol     price  multiplier  weight  blockValue  priceVol  volBase  volHome  volScalar  forecast  targetF20  target  maxCont  position
      E7        E7M2     1.074     62500.0   0.065      671.22    0.0064   427.91   596.19       5.68     -4.15      -1.85   -0.38        1         0
      J7        J7M2     0.008   6250000.0   0.065      485.66    0.0066   322.05   448.71       7.55    -10.70      -2.45   -1.31        1        -1
      ZF ZF   SEP 22   112.945      1000.0   0.095     1129.45    0.0033   368.71   513.72       6.60     -5.32      -3.13   -0.83        1        -1
      ZN ZN   SEP 22   119.328      1000.0   0.095     1193.28    0.0049   586.49   817.14       4.15     -5.09      -1.97   -0.50        0         0
     M2K       M2KM2  1864.300         5.0   0.060       93.22    0.0203   189.29   263.73      12.85     -8.26      -3.86   -1.59        2        -2
     MES       MESM2  4133.250         5.0   0.060      206.66    0.0180   371.48   517.57       6.55     -8.60      -1.96   -0.85        1        -1
     MNQ       MNQM2 12656.500         2.0   0.060      253.13    0.0248   626.94   873.50       3.88    -11.26      -1.16   -0.66        0         0
     MYM MYM  JUN 22 32985.000         0.5   0.060      164.93    0.0145   239.39   333.53      10.16     -6.30      -3.05   -0.96        2        -1
      YC XC   JUL 22   751.250        10.0   0.000       75.12    0.0167   125.57   174.95      19.37      4.90       0.00    0.00        3         0
      YK XK   JUL 22  1687.875        10.0   0.050      168.79    0.0139   234.13   326.21      10.39     11.87       2.60    1.54        2         1
      YW XW   JUL 22  1088.000        10.0   0.050      108.80    0.0306   332.90   463.82       7.31      5.79       1.83    0.53        1         1
     MGC       MGCQ2  1839.400        10.0   0.050      183.94    0.0092   169.85   236.64      14.32     -8.36      -3.58   -1.50        2        -1
     MHG       MHGN2     4.285      2500.0   0.000      107.12    0.0142   152.23   212.09      15.98     -8.68      -0.00   -0.00        3         0
     SIL       SILN2    21.540      1000.0   0.050      215.40    0.0172   370.91   516.78       6.56    -11.91      -1.64   -0.98        1        -1
     MCL       MCLN2   115.330       100.0   0.070      115.33    0.0255   294.40   410.18       8.26     14.72       2.89    2.13        1         1
      QG        QGN2     8.240      2500.0   0.070      206.00    0.0423   870.49  1212.83       2.79     14.63       0.98    0.72        0         0

IDM: 2.5
Annual vol target: 0.25
Trading capital: 216918
Annual cash vol target: 54229.50
Daily cash vol target: 3389.34
