---------------- Position Report ----------------

As at: 2022-04-08 15:26:00 (Chicago)
(Home currency: AUD)

mySymbol localSymbol     price  multiplier  blockValue  priceVol  volBase  volHome  volScalar  forecast  weight  target  targetFx  position
      E7        E7M2     1.090     62500.0      681.50    0.0056   381.54   511.66       6.00    -13.25   0.065   -1.29     -1.27        -1
      J7        J7M2     0.008   6250000.0      503.50    0.0055   275.38   369.30       8.31    -19.40   0.065   -2.62     -1.75        -2
      ZF ZF   JUN 22   113.203      1000.0     1132.03    0.0037   422.59   566.71       5.41    -19.35   0.095   -2.49     -1.67        -2
      ZN ZN   JUN 22   120.109      1000.0     1201.09    0.0053   631.87   847.37       3.62    -18.23   0.095   -1.57     -1.12        -1
     M2K       M2KM2  1991.700         5.0       99.58    0.0161   160.01   214.58      14.30     -5.04   0.080   -1.44     -3.72        -1
     MES       MESM2  4480.750         5.0      224.04    0.0118   265.26   355.73       8.62      3.87   0.080    0.67      2.24         1
     MYM MYM  JUN 22 34607.000         0.5      173.03    0.0094   163.19   218.84      14.02      2.89   0.080    0.81      3.64         1
   AIGCI AW   JUN 22   126.770       100.0      126.77    0.0168   213.03   285.68      10.74     11.02   0.000    0.00      0.00         0
      YC XC   MAY 22   768.625        10.0       76.86    0.0178   136.74   183.37      16.73     16.14   0.000    0.00      0.00         0
      YK XK   MAY 22  1688.125        10.0      168.81    0.0157   265.69   356.31       8.61      9.29   0.000    0.00      0.00         0
      YW XW   MAY 22  1051.000        10.0      105.10    0.0356   373.89   501.41       6.12      4.39   0.000    0.00      0.00         0
      HE        LHM2   114.875       400.0      459.50    0.0188   863.19  1157.58       2.65     -0.85   0.000   -0.00     -0.00         0
      LE        LEM2   133.975       400.0      535.90    0.0082   441.60   592.20       5.18     -6.20   0.060   -0.48     -1.01         0
     MGC       MGCM2  1947.400        10.0      194.74    0.0105   204.53   274.29      11.18      2.39   0.065    0.43      2.36         0
     SIL       SILK2    24.860      1000.0      248.60    0.0178   443.43   594.67       5.16      0.50   0.065    0.04      1.09         0
     MCL       MCLK2    97.860       100.0       97.86    0.0457   446.85   599.24       5.12      1.55   0.065    0.13      1.08         0
      QG        QGK2     6.335      2500.0      158.38    0.0302   478.43   641.60       4.78     16.05   0.000    0.00      0.00         0

IDM: 2.5
Annual vol target: 0.25
Trading capital: 196344
Annual cash vol target: 49086.00
Daily cash vol target: 3067.88
fxFactor: 13
