---------------- Risk Report ----------------

As at: 2022-04-13 15:56:02 (Chicago)
(Home currency: AUD)

mySymbol     stdevD      stdevA     price stdevDP stdevAP pointSizeBase  exposure    riskA capital maxCont position exposurePCapital riskPCapital
      E7   0.005917    0.094678     1.091    0.54    8.68      83929.79  91550.62  7946.29  194351       2       -1             47.1          4.1
      J7   0.000044    0.000701     0.008    0.55    8.80    8392979.44  66883.65  5883.90  194351       3       -2             68.8          6.1
      ZF   0.411935    6.590967   113.781    0.36    5.79       1342.88 152794.19  8850.86  194351       2       -2            157.2          9.1
      ZN   0.611964    9.791418   120.672    0.51    8.11       1342.88 162047.45 13148.67  194351       1       -1             83.4          6.8
     M2K  30.975306  495.604903  2023.300    1.53   24.49          6.71  13585.21  3327.68  194351       5       -2             14.0          3.4
     MES  52.759554  844.152868  4440.750    1.19   19.01          6.71  29816.90  5667.97  194351       3        0              0.0          0.0
     MYM 322.089525 5153.432398 34463.000    0.93   14.95          0.67  23139.78  3460.21  194351       5        0              0.0          0.0
   AIGCI   2.133895   34.142318   131.300    1.63   26.00        134.29  17631.97  4584.89  194351       4        0              0.0          0.0
      YC  13.002432  208.038915   783.375    1.66   26.56         13.43  10519.76  2793.71  194351       6        0              0.0          0.0
      YK  25.878452  414.055237  1676.500    1.54   24.70         13.43  22513.33  5560.25  194351       3        0              0.0          0.0
      YW  35.491893  567.870293  1115.250    3.18   50.92         13.43  14976.43  7625.80  194351       2        0              0.0          0.0
      HE   2.143774   34.300392   117.500    1.82   29.19        537.15  63115.21 18424.48  194351       1        0              0.0          0.0
      LE   1.098345   17.573527   136.750    0.80   12.85        537.15  73455.36  9439.63  194351       2        0              0.0          0.0
     MGC  19.858612  317.737795  1981.500    1.00   16.04         13.43  26609.10  4266.83  194351       4        1             13.7          2.2
     SIL   0.444991    7.119861    25.930    1.72   27.46       1342.88  34820.79  9561.10  194351       2        0              0.0          0.0
     MCL   4.526132   72.418117   104.230    4.34   69.48        134.29  13996.80  9724.86  194351       1        0              0.0          0.0
      QG   0.214033    3.424531     7.065    3.03   48.47       3357.19  23718.56 11496.81  194351       1        0              0.0          0.0

Exposure as % of capital: 384.2
Risk as % of capital: 31.7

Initial margin as % of capital: 10.9
Maintenance margin as % of capital: 8.7
