---------------- Volatility Report ----------------

As at: 2022-03-28 16:26:01 (Chicago)

mySymbol  weight  volTargetA forecast  fxFactor forecastX volatilityI position volatilityS
      E7   0.065        0.25   -10.56      11.0    -10.56      0.0172       -1      0.0172
      J7   0.065        0.25   -18.23      11.0    -11.00      0.0179       -1      0.0179
      ZF   0.095        0.25   -17.56      11.0    -11.00      0.0261       -1      0.0261
      ZN   0.095        0.25   -16.17      11.0    -11.00      0.0261       -1      0.0261
     M2K   0.080        0.25    -0.46      11.0     -0.46      0.0009        0      0.0000
     MES   0.080        0.25     3.80      11.0      3.80      0.0076        0      0.0000
     MYM   0.080        0.25     1.86      11.0      1.86      0.0037        0      0.0000
   AIGCI   0.000        0.25    13.97      11.0     11.00      0.0000        0      0.0000
      YC   0.010        0.25    16.14      11.0     11.00      0.0027        0      0.0000
      YK   0.010        0.25    16.45      11.0     11.00      0.0027        0      0.0000
      YW   0.010        0.25     8.12      11.0      8.12      0.0020        0      0.0000
      HE   0.000        0.25     8.18      11.0      8.18      0.0000        0      0.0000
      LE   0.070        0.25    -1.33      11.0     -1.33      0.0023        0      0.0000
     MGC   0.010        0.25     5.08      11.0      5.08      0.0013        0      0.0000
     MCL   0.010        0.25     8.64      11.0      8.64      0.0022        0      0.0000
      QG   0.010        0.25    11.17      11.0     11.00      0.0027        0      0.0000

Current Vol Target (Sum of volatilityI): 0.1154
Current System Vol (Sum of volatilityS): 0.0873
